
12
54
54                                                                                                                                        888                                                                                                                               12
54                                                                                                                                        666                                                                                                                               54
54                                                                                                                                                                                                                                                                          54
54           8888888                                                                                                                                    6   66                                                                                                              54
54           6666666                       999                                                                                                       121212121212                                                                                                           54
54                                                                                                                                66666666           5333333333346                                                                                                          54
54                                                                                                                           66666666         122              54                                                                                    1212      1212         54
54                                      1121211222                                            12                                              534              54                                                                         112                               54
54                                              54        6666666666666666666666           66654                                          66  534              546666                                                                     534                               54  
54                                              54                                            54   12                                         334    12121212125466666                                      6    6     6                  534    1212   1212    1212        54
54                                 122          532                                 666       54   546666                                     534    533333333334                         122                                             534                               54
54       6666     666              534          5332      6666  6666 6   6666666          666654   54             6    6           12   66  88534                                         534                                             534                               54
54                               12333112       53332                                         54   54            66    66          542      66534                      66666            1253412        6666666666666666666666             5341212    1212    121212    1221254
54                               533333348888   533332                            66          5488854           666    666888888812534   66666534                                       5333334        666666666666666666666688888881212125343334                      5333454                                                                                                           
33                               333333333333333333333                                        3333333              0000333333333333333        33400005                                  5333334                                     333333333333400000000000000000000005333454                                                                 
                                                                                                                   0000                         400005                                                                                          400000000000000000000005333454