




                                                                                                                                                                                                                               6
                                                                                                                                                                                                                                 
                                                                                                                                                                                                                                                     
                                                                                                                     7                    77     6666                                                                         6
                                                                                                                                                                                                                                
                                                                                                                                                                                                                                 
                                                                                                                   7                                                                                                         6
        
        
             77777                                                                                                                          
        
                               
1111111111111111111111111111111111111111111111111111111111111111111111111111111111111111111111111111111111111111111    11111111111111111111111111    1111111111111111111111111111111111111111111111111111111111111111111111111111111111111   
        